video_name,true_label,predicted_label,confidence,prob_negative,prob_neutral,prob_positive,caption
83664512.mp4,Positive,Positive,0.9369349457320496,0.0078137835033734,0.0552512707645767,0.9369349457320496,"I was like, “Oh, wow, that`s fine.” He wanted to transfer to Rochester because he wanted to work at RIT too."
25328.mp4,Negative,Negative,0.6945951503801794,0.6945951503801794,0.2403200229878294,0.0650848266319912,There are so many things that are wrong with the system.
253715.mp4,Negative,Negative,0.580605052098027,0.580605052098027,0.3606297391141873,0.0587652087877857,Then they would ask the HIT group about the car and whether if the glass was broken.
255438.mp4,Negative,Negative,0.6597964113878665,0.6597964113878665,0.2809605225717652,0.0592430660403683,Or they will ask another group SMASHED about the car and whether if the glass was broken.
253816.mp4,Negative,Negative,0.6295473321575278,0.6295473321575278,0.3157275872927094,0.0547250805497628,Or ask the COLLIDED group about the car and if the glass was broken?
253917.mp4,Negative,Negative,0.6550834780523549,0.6550834780523549,0.2901656294232118,0.0547508925244332,"Ask another group, the CRASHED group about the car and whether if the glass is broken."
254424.mp4,Negative,Negative,0.6972908469614958,0.6972908469614958,0.231467372155429,0.0712417808830752,"The first thing the doctor and nurse would say to the parents would be ""I am sorry."" It's an automatic negative. ""I am sorry that your child is Deaf""."
254525.mp4,Negative,Negative,0.7082871707219421,0.7082871707219421,0.2189212051965757,0.0727916240814821,"Of course the parents would be scared. ""I am sorry"" is never a good thing."
254728.mp4,Negative,Negative,0.7117251100715652,0.7117251100715652,0.2192804859780011,0.0689944039504336,"It is very intimidating. There will be seven professionals informing the two parents that their child seem to be sick or have the ""cancer""."
257368.mp4,Negative,Negative,0.7129710324947501,0.7129710324947501,0.2093642409015636,0.0776647266036861,"They often use the word ""diagnosis"" It's very negative and it's used for more negative references, such as sickness or cancer. Or maybe terminal illness."
254829.mp4,Positive,Negative,0.5105686240056461,0.5105686240056461,0.3941496697792948,0.0952817062150591,"Why don't they use a word like ""identified"" as in ""I've identified this child deaf""? Now it does not seem bad at all."
254931.mp4,Negative,Negative,0.6543992566687078,0.6543992566687078,0.2875640559707576,0.0580366873605346,"""Intervention"" implies the need of intervening such as an intervention for drug addicts, stopping something from happening, or when a kid is not behaving well."
255033.mp4,Positive,Neutral,0.621907371863323,0.0111385388056433,0.621907371863323,0.3669540893310337,"The baby is just deaf. It's not their fault, they're doing perfectly fine."
255844.mp4,Positive,Positive,0.8488174231506049,0.0056071487862475,0.1455754280631474,0.8488174231506049,That makes it to seem like an opportunity to do more than one.
255946.mp4,Negative,Negative,0.7049037206493267,0.7049037206493267,0.226563401142523,0.0685328782081503,The parents might will perceive this as something they should to be upset about.
256351.mp4,Negative,Positive,0.8616828794224053,0.0061082273098783,0.1322088932677163,0.8616828794224053,A Deaf role model who has been trained can show the parents that he/she is perfectly fine.
256352.mp4,Positive,Positive,0.9078087259687898,0.0074928027957869,0.0846984712354231,0.9078087259687898,He/she can read and write. He/she can communicate. He/she can work. He/she has an education. There's a long list of that and he/she is perfectly fine.
257265.mp4,Negative,Negative,0.7126217436802782,0.7126217436802782,0.2191294235325021,0.0682488327872197,"When a deaf child does not have a Deaf mentor, the family will continue to be disappointed and their grief will last longer."
2682847.mp4,Negative,Negative,0.663610567791458,0.663610567791458,0.275449828420957,0.060939603787585,The car is broken.
2682838.mp4,Negative,Negative,0.6278025151030474,0.6278025151030474,0.3156591422160447,0.0565383426809079,The car broke down.
26827616.mp4,Negative,Negative,0.528249489476748,0.528249489476748,0.4161412706519213,0.0556092398713308,"Cousin John's car broke down, do you remember?"
26827517.mp4,Negative,Negative,0.6013897152108425,0.6013897152108425,0.3400470428189476,0.0585632419702098,"It wasn't John whose car broke down, it was Mary."
26827419.mp4,Negative,Neutral,0.4864599115456812,0.4483535326005827,0.4864599115456812,0.0651865558537361,"John didn't get into an accident with a truck, he got into an accident with another car."
26827321.mp4,Negative,Negative,0.6635871325382718,0.6635871325382718,0.2755226276646161,0.0608902397971119,The car is broken.
36298782.mp4,Negative,Negative,0.690647355196064,0.690647355196064,0.2403068973190804,0.0690457474848553,The weather is lousy today.
36295789.mp4,Negative,Neutral,0.475347672476811,0.470001945763654,0.475347672476811,0.0546503817595347,Mom doesn't like surprises.
36294790.mp4,Negative,Negative,0.6159269551789236,0.6159269551789236,0.3245441451537681,0.0595288996673082,The weather isn't beautiful today.
36292794.mp4,Positive,Positive,0.932845430492509,0.0080630910823576,0.0590914784251332,0.932845430492509,"Yes, I like pineapple cream cheese."
36291796.mp4,Negative,Neutral,0.5237768198674974,0.3894597705830064,0.5237768198674974,0.0867634095494961,No! I don't like pineapple cream cheese.
36288803.mp4,Positive,Positive,0.8747297255073846,0.0068444824046571,0.1184257920879581,0.8747297255073846,Dad is like me. He likes chocolate cereal.
5596228.mp4,Negative,Negative,0.6527791789362615,0.6527791789362615,0.2889099472869929,0.0583108737767456,Why is dad upset? I have no idea...
154108.mp4,Negative,Positive,0.9373308351340206,0.0125575748322416,0.0501115900337378,0.9373308351340206,"""Today I went out and the weather was lousy."" ""No, it's beautiful and warm outside. It's perfect."""
1540612.mp4,Positive,Negative,0.6530991563179631,0.6530991563179631,0.2600242511498784,0.0868765925321584,"""The book you read was really good."" ""No, it was lousy I didn't like it."""
1540613.mp4,Positive,Negative,0.6971898210708433,0.6971898210708433,0.2288814002826343,0.0739287786465223,"""Texas has a good football team."" ""No they have a lousy team and they are losing. They haven't won a game yet."""
1540021.mp4,Negative,Neutral,0.5148228229585509,0.3588758856391114,0.5148228229585509,0.1263012914023378,"""Mc Donalds is a snobby restaurant right?"" ""No, Mcdonalds is a cheap restaurant. They serve hamburgers."""
1539625.mp4,Negative,Positive,0.9399395333801154,0.0102259597537748,0.0498345068661098,0.9399395333801154,"""Your mom will love the surprise party."" ""No, my mom hates surprises."""
17602177.mp4,Negative,Negative,0.6985681719991129,0.6985681719991129,0.2333299716681072,0.0681018563327798,"Last night, there was an accident and traffic was horrible."
17598184.mp4,Positive,Positive,0.9470599138076384,0.0089108391515288,0.0440292470408326,0.9470599138076384,"I love action movies, not boring dramas."
17597185.mp4,Negative,Negative,0.478121798235864,0.478121798235864,0.4566686233456358,0.0652095784185002,I know that I should enter the haunted house at my own risk.
17582212.mp4,Negative,Negative,0.667593287079711,0.667593287079711,0.2646918736724795,0.0677148392478094,I watched a movie last night. I was really scared.
17596188.mp4,Negative,Negative,0.6797119562293887,0.6797119562293887,0.2441944976954685,0.0760935460751427,The movie is really scary.
17593193.mp4,Positive,Positive,0.9705885787163284,0.012356747746728,0.0170546735369434,0.9705885787163284,I love riding in airplanes and flying different places.
17590198.mp4,Negative,Negative,0.6967698295919244,0.6967698295919244,0.2204701441651643,0.0827600262429113,My worst enemy is my alarm clock.
17592194.mp4,Negative,Negative,0.6249150853319236,0.6249150853319236,0.3162757765075537,0.0588091381605227,Alcohol is not always good.
17588201.mp4,Negative,Neutral,0.9625470251510618,0.0025267281853253,0.9625470251510618,0.0349262466636128,I analyzed and looked over the math problem.
17586206.mp4,Positive,Positive,0.9688291610495812,0.0141115215595019,0.0170593173909168,0.9688291610495812,I love apples in the fall.
17584208.mp4,Positive,Positive,0.969145926256564,0.0160936065993285,0.0147604671441073,0.969145926256564,"I was picked to join the club. Wow, it was an honor."
28816.mp4,Positive,Positive,0.9712687975966784,0.0122934818187838,0.0164377205845376,0.9712687975966784,"To tell the truth, I love you because you make people laugh so hard!"
29019.mp4,Positive,Positive,0.8509890990631831,0.0045026087826019,0.1445082921542149,0.8509890990631831,"Last night, I played a close game of basketball with my friend. The score was 30-28 when it ended."
29423.mp4,Negative,Negative,0.6742944850535296,0.6742944850535296,0.2556886037931114,0.070016911153359,I always get sick in winter because I wear flip-flops.
29525.mp4,Negative,Negative,0.7012493214395125,0.7012493214395125,0.2231619190399081,0.0755887595205793,The kids hate their principal because he bawls them out if they have not done their homework.
29626.mp4,Negative,Negative,0.6545051846554324,0.6545051846554324,0.2792356727597831,0.0662591425847844,I missed my morning class because I didn`t wake up to my alarm.
29931.mp4,Negative,Negative,0.6959362879443489,0.6959362879443489,0.2280837346087078,0.0759799774469433,"Honestly, if I fail this class, my mom will lose it."
30438.mp4,Positive,Positive,0.9682169794507338,0.01444716532498,0.0173358552242861,0.9682169794507338,"""Is the movie good?"" ""No, it was wonderful."""
84088.mp4,Negative,Positive,0.7652573005827654,0.0041633024195216,0.2305793969977129,0.7652573005827654,My friend goes out to a party.
841111.mp4,Positive,Positive,0.8446638091333848,0.0051647343619527,0.1501714565046624,0.8446638091333848,My friend is currently planning a surprise event.
841314.mp4,Positive,Positive,0.881120189294556,0.0058956475113969,0.112984163194047,0.881120189294556,My friend is playing video games.
841618.mp4,Negative,Positive,0.9634124790024172,0.0118865924847508,0.0247009285128319,0.9634124790024172,Is your friend`s party good?
841720.mp4,Positive,Positive,0.96014406625613,0.0111938570343721,0.0286620767094979,0.96014406625613,"Is it fun going fishing with your friends? (starts out signing ""fishing"" but repairs to ""friend"")"
841821.mp4,Positive,Positive,0.9476649523388156,0.0065321432945372,0.0458029043666471,0.9476649523388156,Will Bob be surprised at his surprise party?
842226.mp4,Negative,Positive,0.9631615526233976,0.0118832883122908,0.0249551590643114,0.9631615526233976,Does your friend really love surfing the internet?
842327.mp4,Positive,Positive,0.968440591533393,0.0082178974680749,0.023341510998532,0.968440591533393,Does your friend love surfing the Internet?
843443.mp4,Positive,Positive,0.9643439841876288,0.008635080627582,0.0270209351847893,0.9643439841876288,Why does your friend love travelling?
844052.mp4,Positive,Positive,0.9077977734978387,0.0045106571715121,0.0876915693306492,0.9077977734978387,"If my friend goes out to a party, I will join them for sure."
844153.mp4,Positive,Positive,0.8253280704282143,0.0046121897261138,0.1700597398456717,0.8253280704282143,"If my friend goes out to a party, my roommate and I will join."
844255.mp4,Negative,Negative,0.6929789700976633,0.6929789700976633,0.2303706655766786,0.0766503643256579,"If my boss summons me, everyone will know I`m in trouble."
844356.mp4,Negative,Positive,0.8463814557514531,0.0037721273436984,0.1498464169048484,0.8463814557514531,"If my friend goes out fishing, I have to monitor the weather to make sure it`s fine for fishing."
844457.mp4,Positive,Positive,0.9067480880694776,0.0048364803808421,0.0884154315496802,0.9067480880694776,"When my friend goes out fishing, the fish has to go in the bucket immediately so it will be fresh."
844458.mp4,Negative,Positive,0.9202520549358983,0.0090629168125658,0.0706850282515359,0.9202520549358983,"If Bob is surprised at his surprise party, it is commendable because it is difficult to surprise Bob."
844762.mp4,Negative,Positive,0.7515397476596211,0.0028820123160279,0.2455782400243509,0.7515397476596211,"If my friend goes travelling, I just have to join."
844864.mp4,Negative,Positive,0.965404690135166,0.009895067253382,0.0247002426114519,0.965404690135166,"Once my friend starts playing video games, he is hooked to it all night until his eyes pop out."
845270.mp4,Positive,Positive,0.8446980762095203,0.004392390494823,0.1509095332956566,0.8446980762095203,My friend is going out to a party.
845472.mp4,Positive,Positive,0.97247851902619,0.0119554114979434,0.0155660694758667,0.97247851902619,My friend loves to go fishing because he loves to eat fish.
845473.mp4,Positive,Positive,0.942262177266792,0.0080849132976878,0.0496529094355201,0.942262177266792,My friend is planning to surprise Bob because he's turning 21.
845574.mp4,Negative,Negative,0.6696072245892483,0.6696072245892483,0.260909158274666,0.0694836171360856,I arrived school late because I was in a bike accident.
845675.mp4,Positive,Positive,0.9730441787924434,0.010425412322547,0.0165304088850094,0.9730441787924434,"My friend loves travelling, especially in Asian countries because there`s more of a variety of things to do, compared to other countries."
845676.mp4,Negative,Positive,0.8714216025320063,0.0056988762718459,0.1228795211961477,0.8714216025320063,My friend plays video games all day because he does nothing else.
845878.mp4,Positive,Positive,0.9701676161411538,0.0140018618732352,0.015830521985611,0.9701676161411538,My friend loves the Internet because there are many different websites.
557229.mp4,Positive,Positive,0.7977412847109039,0.0045245090285779,0.1977342062605181,0.7977412847109039,My friend went out to a party.
5572412.mp4,Positive,Positive,0.9711158894407164,0.0123053055339127,0.0165788050253708,0.9711158894407164,The park is crowded because the kids love playing there.
5572413.mp4,Positive,Positive,0.9557844669007372,0.0105252057328553,0.0336903273664074,0.9557844669007372,"I like the beach better than the lake because the beach has waves, while the lake has none."
5572615.mp4,Negative,Positive,0.6282400383707856,0.0021147005623975,0.3696452610668169,0.6282400383707856,Mother has to clean the kitchen soon because a group of friends are coming over for the weekend.
5572716.mp4,Positive,Positive,0.9678708099205574,0.013407050083827,0.0187221399956154,0.9678708099205574,My friend loves to go outside because he loves camping.
5572717.mp4,Positive,Positive,0.9530542830508096,0.0070668752866837,0.0398788416625068,0.9530542830508096,My friend is an expert at making bonfires because he was a Boy Scout growing up.
7343510.mp4,Positive,Positive,0.839799084143994,0.0047219644465908,0.1554789514094151,0.839799084143994,"If my friends go out, I will join them."
7343915.mp4,Negative,Negative,0.6942935643462803,0.6942935643462803,0.2356782793495044,0.0700281563042152,My mother tends to be in a bad mood if Father arrives home late.
7700328.mp4,Positive,Positive,0.9679717980108248,0.0112955213443959,0.0207326806447792,0.9679717980108248,Friends went out camping; they enjoyed it.
7987410.mp4,Negative,Negative,0.6712567155490446,0.6712567155490446,0.2592254182252169,0.0695178662257385,"If I fail a test, my mom will blow her top."
7986817.mp4,Positive,Positive,0.9709796654918242,0.0174326966845119,0.0115876378236638,0.9709796654918242,Was the movie good? Yes it was wonderful.
7986818.mp4,Positive,Positive,0.9687607300470612,0.0110021122099959,0.0202371577429426,0.9687607300470612,"Is it raining outside? No, it's beautiful and warm outside."
7986324.mp4,Positive,Positive,0.9411644032596328,0.0066624889258508,0.0521731078145164,0.9411644032596328,Bob frequently gives his sweetheart roses.
7986027.mp4,Negative,Negative,0.6844055364083607,0.6844055364083607,0.2520146412549673,0.063579822336672,Mom is sick.
7985731.mp4,Negative,Negative,0.6941725440603377,0.6941725440603377,0.2387088126356625,0.0671186433039997,Bad weather will come to Boston soon.
7984743.mp4,Positive,Positive,0.7071091904759956,0.0036605649979682,0.2892302445260361,0.7071091904759956,Friends play frisbee.
7984644.mp4,Positive,Positive,0.9388853654270992,0.0074779707978785,0.0536366637750222,0.9388853654270992,I invited my friends to a barbeque party.
7983954.mp4,Negative,Neutral,0.5794890075586282,0.2439171575209217,0.5794890075586282,0.1765938349204501,My friends crashed the party.
7983658.mp4,Negative,Positive,0.9178010985807648,0.0052910490255385,0.0769078523936966,0.9178010985807648,Did Bob give the rose to his sweetheart?
7983461.mp4,Negative,Negative,0.6423332154527456,0.6423332154527456,0.3001135151475912,0.0575532693996632,Is mom sick?
7983363.mp4,Positive,Positive,0.970321181500424,0.0101571180940509,0.0195217004055249,0.970321181500424,My aunt makes the best blueberry pie.
7983165.mp4,Negative,Negative,0.6860063453095372,0.6860063453095372,0.2439710634793311,0.0700225912111314,Is bad weather coming to Boston?
7982377.mp4,Neutral,Positive,0.9555572811260188,0.0093435031470321,0.0350992157269491,0.9555572811260188,Is playing frisbee fun?
7981687.mp4,Negative,Neutral,0.7022527917994088,0.1983665485224243,0.7022527917994088,0.0993806596781668,Was I passed out drunk last night?
7981589.mp4,Negative,Neutral,0.739340760332767,0.0238150213402581,0.739340760332767,0.2368442183269749,Did my friend go ahead with crashing the party?
7981490.mp4,Positive,Positive,0.922654659849708,0.0063567944256492,0.0709885457246427,0.922654659849708,Bob wrote and sent a love letter to his wife because their anniversary is coming up soon.
7981194.mp4,Negative,Positive,0.7808386841384015,0.0039433427371016,0.2152179731244967,0.7808386841384015,The teacher must clean the classroom everyday so that when the students come to class it will be clean.
7980898.mp4,Negative,Negative,0.6638060077539071,0.6638060077539071,0.2679569221954782,0.0682370700506146,I missed last months rent so now I have to pay double.
7980799.mp4,Negative,Negative,0.6957702876311257,0.6957702876311257,0.2350643635234021,0.0691653488454721,Bad weather is coming to Boston because the city is close to the ocean.
79797114.mp4,Positive,Positive,0.879661494734295,0.0045185636168545,0.1158199416488504,0.879661494734295,My friend wants to buy a plaid shrit because his friend invited him to a costume party.
79792122.mp4,Positive,Neutral,0.579531466896131,0.2784406848210536,0.579531466896131,0.1420278482828154,My friend just crashed a party because he recently finished his last exam.
79791123.mp4,Positive,Positive,0.9658215025413748,0.0109559977605839,0.0232224996980413,0.9658215025413748,My friend went ahead and hosted a pizza dinner because he loves pizza.
5873528.mp4,Negative,Negative,0.5900363778781249,0.5900363778781249,0.339752282448947,0.070211339672928,There's always a pop quiz when I neglect my studying.
58734811.mp4,Negative,Negative,0.6862019874058229,0.6862019874058229,0.2432116400876212,0.0705863725065557,"When I don't study, I am guaranteed to fail."
58734712.mp4,Negative,Negative,0.6831840054637409,0.6831840054637409,0.2458568235328285,0.0709591710034306,"If I don't study, I am guaranteed to fail."
58734613.mp4,Negative,Negative,0.680590989669717,0.680590989669717,0.2510774310755302,0.0683315792547527,"If I don't study, I am guaranteed to fail."
58734317.mp4,Negative,Negative,0.5451053373497343,0.5451053373497343,0.3996263309328199,0.0552683317174457,"If there's an emergency, where will you go?"
58734020.mp4,Negative,Negative,0.687243751664627,0.687243751664627,0.2437514123599451,0.0690048359754277,"If you spell even one word wrong, he will take away points for it!"
58733526.mp4,Negative,Negative,0.661131426844728,0.661131426844728,0.2714302275777664,0.0674383455775053,"If John did that to me, I won't be friends with him anymore."
17077.mp4,Negative,Negative,0.6877586491939317,0.6877586491939317,0.2476227855527213,0.0646185652533469,The weather is lousy today.
171111.mp4,Positive,Positive,0.971359986411811,0.0160950257635321,0.0125449878246568,0.971359986411811,The weather is beautiful today.
171820.mp4,Negative,Positive,0.9138325073191346,0.0059341352723447,0.0802333574085205,0.9138325073191346,"My dad likes pineapple cream cheese, like me."
172022.mp4,Positive,Positive,0.9659296988069754,0.0104803836594792,0.0235899175335452,0.9659296988069754,I love lox cream cheese.
172529.mp4,Neutral,Positive,0.8795279993993794,0.0050446168553065,0.1154273837453139,0.8795279993993794,"Dad likes chocolate cereal, like me."
172630.mp4,Neutral,Negative,0.6821866645699929,0.6821866645699929,0.2507931384448306,0.0670201969851765,"No no no, I hate chocolate cereal."
172732.mp4,Negative,Negative,0.6618100058793457,0.6618100058793457,0.2753368224951241,0.0628531716255303,I can't believe the car broke!
173036.mp4,Negative,Negative,0.6437919085054895,0.6437919085054895,0.2956132755546471,0.0605948159398632,The car really broke down.
173340.mp4,Negative,Negative,0.6528815474100698,0.6528815474100698,0.2817576739161552,0.0653607786737749,"Our cousin, John, broke the truck."
173441.mp4,Negative,Neutral,0.4841800884778564,0.4590894318227039,0.4841800884778564,0.0567304796994398,"No, John didn't break the truck, Mary broke the truck."
173442.mp4,Negative,Negative,0.6836490660401252,0.6836490660401252,0.2474580178108231,0.0688929161490516,The car is really broken!
173543.mp4,Negative,Negative,0.6734256809507113,0.6734256809507113,0.2569201651858077,0.0696541538634809,"John didn't break the truck, he actually destroyed the car."
173745.mp4,Negative,Negative,0.6272251313843132,0.6272251313843132,0.3163353787296364,0.0564394898860503,The car broke down.
173949.mp4,Negative,Neutral,0.721556313948035,0.2244268289165921,0.721556313948035,0.0540168571353728,"If Mary's car broke down, John would have to take her to work."
174050.mp4,Negative,Neutral,0.7501961315039518,0.1881914628814681,0.7501961315039518,0.06161240561458,"Since Mary's car broke, John has been taking her to work."
840018.mp4,Positive,Positive,0.97474352967644,0.0127082892820947,0.0125481810414652,0.97474352967644,"No, it`s beautiful outside! The sun`s shining and it`s warm and beautiful!"
8399614.mp4,Negative,Negative,0.6825533206867075,0.6825533206867075,0.2534924040996926,0.0639542752135998,I thought it was terribly boring.
8398627.mp4,Negative,Negative,0.6429112584422436,0.6429112584422436,0.2943133092652144,0.062775432292542,"No, no one has found the umbrella, it's still missing."
8398331.mp4,Negative,Negative,0.6852693516316255,0.6852693516316255,0.2458148580769732,0.0689157902914014,"What? No, right now we're in an economic crisis."
8397936.mp4,Negative,Positive,0.968011764987993,0.0103510048533306,0.0216372301586763,0.968011764987993,Pete loves computers; he has three set up one next to the other at home!
8397838.mp4,Negative,Neutral,0.4644142188490803,0.462003254974567,0.4644142188490803,0.0735825261763526,"American Airlines isn't that expensive, but if it was, then I'd be stuck because it's the only airline that flies between Boston and Florida."
8397050.mp4,Positive,Positive,0.8031554984943794,0.0051078061700564,0.1917366953355641,0.8031554984943794,Who fell in love with Bill?
8396754.mp4,Negative,Negative,0.6293125181729625,0.6293125181729625,0.3143280387841135,0.0563594430429238,Why is father upset?
8396064.mp4,Positive,Positive,0.9724649524102768,0.010454196604324,0.0170808509853992,0.9724649524102768,Your mom will love the gift you just bought for her.
8395966.mp4,Negative,Negative,0.5484467905899176,0.5484467905899176,0.3937351174725892,0.0578180919374931,"The man who broke into a house in Newton is probably the same person who broke into a house in Brookline,"
8395867.mp4,Positive,Positive,0.9696545247220753,0.0137841174388021,0.0165613578391225,0.9696545247220753,"Wow, that coat you just bought looks warm!"
8395670.mp4,Negative,Negative,0.5029671878614007,0.5029671878614007,0.439617916064439,0.0574148960741603,That student who was on the quiz show didn't win.
8395473.mp4,Negative,Negative,0.6488002371055352,0.6488002371055352,0.2819871960680723,0.0692125668263924,Jim threatened to sue the man who punched him.
338228.mp4,Negative,Negative,0.6575277943359226,0.6575277943359226,0.274725969313781,0.0677462363502962,If John stays home it probably means he's sick.
3382011.mp4,Negative,Negative,0.6729580600302817,0.6729580600302817,0.2610802589197493,0.0659616810499688,"If Mary gets home late, John will probably be upset."
3381912.mp4,Negative,Negative,0.6506793604114065,0.6506793604114065,0.279319667848417,0.0700009717401764,"If the people I invited show up late, they will regret it."
3381715.mp4,Positive,Positive,0.5202561566412783,0.00268706540215,0.4770567779565716,0.5202561566412783,"If you want to know, if John wins he will get a teddy bear."
3380826.mp4,Negative,Negative,0.6814482239440351,0.6814482239440351,0.2482245094161126,0.0703272666398522,"If my sister neglects her homework, she won't succeed in school."
3380727.mp4,Negative,Negative,0.6758930687892726,0.6758930687892726,0.2536201442125887,0.0704867869981386,"If my sister neglects her homework, she won't succeed in school."
3380433.mp4,Negative,Negative,0.6503811703276633,0.6503811703276633,0.2836523443805196,0.0659664852918171,"If John eats spinach, he will get sick."
3380334.mp4,Negative,Negative,0.6792215201750246,0.6792215201750246,0.2513394751992381,0.0694390046257372,"If John eats spinach, he will get nauseous and sick."
3379644.mp4,Positive,Positive,0.9594951492736048,0.0088198369023142,0.0316850138240808,0.9594951492736048,"If you order pizza here, I guarantee it will be delicious."
3379053.mp4,Positive,Positive,0.8732460605515476,0.0045255309841816,0.1222284084642707,0.8732460605515476,"If the student wins an award, he will get a $100 gift card."
3378954.mp4,Positive,Positive,0.7932797253903158,0.0033841003235309,0.2033361742861533,0.7932797253903158,The student who won the award will get a $100 voucher.
3378363.mp4,Negative,Negative,0.6770461296802577,0.6770461296802577,0.2505504502707059,0.0724034200490362,"I would read this book, but it's boring."
3378264.mp4,Negative,Negative,0.6714481544863529,0.6714481544863529,0.2579174477439023,0.0706343977697449,I would've read the book but the beginning was boring.
8841.mp4,Positive,Positive,0.9702714419453052,0.0112668005301357,0.018461757524559,0.9702714419453052,That picture you gave me was beautiful.
6814.mp4,Positive,Positive,0.972857726357474,0.0109392303883472,0.0162030432541787,0.972857726357474,The sandwich I just ate was delicious!
7119.mp4,Positive,Positive,0.9684261579186876,0.0101756612665217,0.0213981808147908,0.9684261579186876,"If you like chocolate, you will love this cake."
7321.mp4,Negative,Negative,0.6849914338493254,0.6849914338493254,0.2440510250263395,0.0709575411243351,"If the president is elected again, my father will be upset."
7422.mp4,Negative,Negative,0.6901089308328909,0.6901089308328909,0.239797178494912,0.0700938906721969,"If I forget to go to the store, my mother will be upset."
8436.mp4,Negative,Negative,0.6877544267338428,0.6877544267338428,0.2446416017894823,0.0676039714766748,"When he struggled a lot in school, he became depressed."
8638.mp4,Negative,Negative,0.6899641114823103,0.6899641114823103,0.2373113549719794,0.0727245335457103,"If I'm working and my computer crashes, I will panic."
9956.mp4,Positive,Positive,0.9556060616733036,0.0097031816536496,0.0346907566730467,0.9556060616733036,Which vegetable do the kids love?
362.mp4,Negative,Negative,0.6691529910839694,0.6691529910839694,0.2687494415169159,0.0620975673991145,Why is the teacher upset?
1372.mp4,Positive,Positive,0.9675241427294804,0.0175444208697462,0.0149314364007734,0.9675241427294804,Boston is a great city.
1575.mp4,Positive,Positive,0.969840146738642,0.0164298978621361,0.0137299553992218,0.969840146738642,I love my new car.
1677.mp4,Negative,Negative,0.6752819689428485,0.6752819689428485,0.2595880295156909,0.0651300015414605,That dress is not my favorite.
2590.mp4,Positive,Positive,0.9743594608131874,0.0129204820602714,0.0127200571265411,0.9743594608131874,My friend is thrilled because he won the lottery.
3098.mp4,Positive,Positive,0.9567669727191254,0.0075327201643377,0.0357003071165369,0.9567669727191254,My best friend visited Boston yesterday.
32100.mp4,Negative,Positive,0.931144319807318,0.0061854773580622,0.0626702028346197,0.931144319807318,Wow! That watch costs three thousand dollars!
24363254.mp4,Positive,Neutral,0.579247605927513,0.0031277643709335,0.579247605927513,0.4176246297015535,The growth of signing went in one direction; the growth of speaking went in another.
24480520.mp4,Negative,Neutral,0.5351604523213779,0.0106974981116073,0.5351604523213779,0.4541420495670148,"Deaf people made progress with the growth of signing.  The progress could have been greater, but it wasn't permitted."
29052074.mp4,Negative,Negative,0.6862216336176734,0.6862216336176734,0.2402467450179755,0.0735316213643509,"Often because judgments come from the audio-oral perspective, the sensory politics results in judgments of broken sounds and harsh noises, This needs to be improved."
64778101.mp4,Positive,Positive,0.9390961004496252,0.0081077324702134,0.0527961670801614,0.9390961004496252,"When on the phone the person may perceive who they're talking to as being tall, smart, good looking and nice. They agree to meet the person the next day near the train and hang up"
65086412.mp4,Negative,Positive,0.9597017415096408,0.0101622993096616,0.0301359591806976,0.9597017415096408,John's voice was a good match to the character he played. His character in the movie was that of a swashbuckler.
65174582.mp4,Negative,Neutral,0.5993537761676487,0.0047168163486048,0.5993537761676487,0.3959294074837464,"People who watch silent films can't hear it but can imagine a strong, heavy baritone voice from that swashbuckler character."
66058307.mp4,Negative,Negative,0.6196132124524991,0.6196132124524991,0.3156359499189016,0.0647508376285991,"and even worse, whose is the voice that you're associating with a persona."
31660612.mp4,Negative,Negative,0.6681849151233079,0.6681849151233079,0.2604357341330464,0.0713793507436457,Mother is now ill.
31660216.mp4,Negative,Negative,0.6912094468095671,0.6912094468095671,0.234567689979993,0.0742228632104399,Bad weather is coming to Boston now.
31659327.mp4,Positive,Positive,0.970123119863484,0.0098143141087141,0.0200625660278018,0.970123119863484,I love fireworks.
31658341.mp4,Negative,Neutral,0.6834686881172053,0.0777009384310299,0.6834686881172053,0.2388303734517647,My friend crashed the party last night.
31657848.mp4,Negative,Negative,0.6380657952690593,0.6380657952690593,0.3048492530392154,0.0570849516917251,Is Mother sick?
31657650.mp4,Positive,Positive,0.967481939493641,0.0129219529733708,0.0195961075329881,0.967481939493641,"Your aunt makes the best blueberry pie, right?"
31657453.mp4,Negative,Negative,0.6897811047133835,0.6897811047133835,0.2399511889341382,0.0702677063524782,Is there bad weather in Boston now?
31656468.mp4,Positive,Positive,0.9597056246875606,0.010115555110604,0.0301788202018353,0.9597056246875606,Striped shirts are cool because they look good on me.
31655777.mp4,Positive,Neutral,0.7356733653495412,0.0317391508693796,0.7356733653495412,0.232587483781079,Is it fine if my friend crashes the party?
31655778.mp4,Positive,Positive,0.9467649508639308,0.0061541476676108,0.0470809014684583,0.9467649508639308,Bob sent his wife a love letter because it is their wedding anniversary soon.
31655481.mp4,Positive,Positive,0.9661825254020492,0.0089596409255454,0.0248578336724054,0.9661825254020492,Bob loves reading books because he likes using his imagination.
31655186.mp4,Negative,Negative,0.6563461978076008,0.6563461978076008,0.2741005977450681,0.0695532044473311,I have to pay double the rent because I missed the last one.
31655087.mp4,Negative,Negative,0.6921038777661902,0.6921038777661902,0.227490087661361,0.0804060345724487,Bad weather is in Boston because the ocean is near.
31655088.mp4,Positive,Positive,0.9668310009760276,0.0125616956529286,0.0206073033710436,0.9668310009760276,My family vacations every year in Florida because they love the sun.
36918922.mp4,Positive,Positive,0.9713747854430528,0.0147567304212676,0.0138684841356794,0.9713747854430528,I bought a gift for my mom. She will love it!
1470684.mp4,Negative,Positive,0.9045686086873692,0.0079824149382701,0.0874489763743604,0.9045686086873692,The cat the neighbors found is really hungry. Wow.
35420258.mp4,Negative,Neutral,0.6189407428278315,0.3182961561553253,0.6189407428278315,0.0627631010168433,"A student went on a quiz TV show, but he didn`t win."
79664536.mp4,Negative,Negative,0.6890757759117734,0.6890757759117734,0.2350392161363044,0.0758850079519221,Jim assaulted a man and now the man is threatening to sue Jim.
69413690.mp4,Negative,Negative,0.6997446165147081,0.6997446165147081,0.2303335801812673,0.0699218033040245,Last night I rented an awful movie.
5989857.mp4,Positive,Positive,0.9719892074037116,0.0108020764771168,0.0172087161191715,0.9719892074037116,I read the article written for the Boston Globe. I think it was great!
